75457489_Calb1_52_99ishfull_sb_mask.jpg	313.242256878	494.452550383	700073
77620754_Ddx17_24_87ishfull_sb_mask.jpg	433.896150654	498.824688663	687093
70523811_Rnf25_14_55ishfull_sb_mask.jpg	440.945622971	518.316646817	697016
69838649_Cox6b2_46_91ishfull_sb_mask.jpg	438.725294502	524.836842333	598718
74357601_Slc7a6_5_44ishfull_sb_mask.jpg	431.996138096	538.926655879	785308
75457489_Calb1_4_48ishfull_sb_mask.jpg	340.698733186	323.969583819	812668
70523811_Rnf25_22_63ishfull_sb_mask.jpg	426.827389296	481.265294915	691472
74579449_LOC433525_49_91ishfull_sb_mask.jpg	402.452697281	491.660986849	699392
73513814_Gpr17_17_51ishfull_sb_mask.jpg	452.628836543	512.887601659	756184
70523811_Rnf25_54_95ishfull_sb_mask.jpg	440.00618249	467.812302878	666276
71307226_Catsper1_41_83ishfull_sb_mask.jpg	439.910155315	615.27036341	611066
74735349_Kcnk9_20_62ishfull_sb_mask.jpg	437.990757287	521.917473178	743017
74735349_Kcnk9_44_86ishfull_sb_mask.jpg	407.066836965	504.497901129	705705
69838649_Cox6b2_6_51ishfull_sb_mask.jpg	424.661077951	525.692421326	699937
74579449_LOC433525_25_66ishfull_sb_mask.jpg	432.622413167	516.022603223	732398
71307226_Catsper1_49_91ishfull_sb_mask.jpg	437.822624979	478.382217932	706062
75496134_Calb2_54_95ishfull_sb_mask.jpg	440.568913335	480.495484819	699575
71307226_Catsper1_33_74ishfull_sb_mask.jpg	nan	nan	1080000
70523811_Rnf25_6_47ishfull_sb_mask.jpg	441.367738471	524.793465377	752798
70523811_Rnf25_38_79ishfull_sb_mask.jpg	435.759807534	498.571772995	662732
73513814_Gpr17_1_41ishfull_sb_mask.jpg	nan	nan	1080000
75496134_Calb2_38_78ishfull_sb_mask.jpg	445.782809725	498.90177665	717320
74735349_Kcnk9_4_46ishfull_sb_mask.jpg	431.170377924	554.545056636	780104
71307226_Catsper1_25_66ishfull_sb_mask.jpg	436.186474506	503.912810266	720464
77620754_Ddx17_8_71ishfull_sb_mask.jpg	426.958697269	511.003602066	717852
73513814_Gpr17_25_59ishfull_sb_mask.jpg	445.504890067	507.315590168	726425
69838649_Cox6b2_38_83ishfull_sb_mask.jpg	434.617074205	484.624904109	643737
74357601_Slc7a6_29_68ishfull_sb_mask.jpg	420.565201291	500.917442468	698735
71307226_Catsper1_17_58ishfull_sb_mask.jpg	434.384825565	521.70041198	740885
74579449_LOC433525_33_75ishfull_sb_mask.jpg	419.41569492	500.313222976	718167
74579449_LOC433525_9_50ishfull_sb_mask.jpg	427.901769704	542.985799603	765286
74357601_Slc7a6_37_76ishfull_sb_mask.jpg	428.186448409	500.019404178	693305
75457489_Calb1_44_91ishfull_sb_mask.jpg	420.669685018	482.443481025	705742
75496134_Calb2_22_62ishfull_sb_mask.jpg	446.838901655	512.470274351	738937
74579449_LOC433525_17_58ishfull_sb_mask.jpg	445.442098448	517.348989945	745450
77620754_Ddx17_40_102ishfull_sb_mask.jpg	429.002592774	482.821346568	682217
73513814_Gpr17_49_84ishfull_sb_mask.jpg	436.984679636	480.661796622	689210
74735349_Kcnk9_12_54ishfull_sb_mask.jpg	447.825095513	526.741884183	772312
69838649_Cox6b2_22_67ishfull_sb_mask.jpg	424.647509177	495.096726151	648392
75457489_Calb1_36_82ishfull_sb_mask.jpg	408.095562612	480.519290742	720151
75496134_Calb2_46_87ishfull_sb_mask.jpg	441.650931723	487.580796752	701104
75496134_Calb2_14_54ishfull_sb_mask.jpg	437.588196959	518.95189075	759931
74357601_Slc7a6_45_85ishfull_sb_mask.jpg	416.270937184	483.703987411	689098
75457489_Calb1_20_65ishfull_sb_mask.jpg	426.859901517	509.076927773	756095
69838649_Cox6b2_30_75ishfull_sb_mask.jpg	434.642645264	493.412597741	613851
74579449_LOC433525_1_41ishfull_sb_mask.jpg	431.991973051	543.747064293	795805
77620754_Ddx17_48_110ishfull_sb_mask.jpg	426.935804936	470.908429891	687479
70523811_Rnf25_30_71ishfull_sb_mask.jpg	436.156126401	504.11482547	690324
69838649_Cox6b2_54_99ishfull_sb_mask.jpg	451.812655194	462.68026447	611313
73513814_Gpr17_9_43ishfull_sb_mask.jpg	437.877905969	528.207410657	778706
70523811_Rnf25_46_87ishfull_sb_mask.jpg	441.713341522	491.276961719	661602
77620754_Ddx17_32_95ishfull_sb_mask.jpg	425.316771753	493.055144092	684796
74735349_Kcnk9_36_78ishfull_sb_mask.jpg	437.994024589	520.386330581	716214
75457489_Calb1_12_56ishfull_sb_mask.jpg	417.306166261	515.838068646	746165
74357601_Slc7a6_13_52ishfull_sb_mask.jpg	430.198799951	511.150763268	740741
74357601_Slc7a6_21_60ishfull_sb_mask.jpg	425.785081808	481.198451367	720504
71307226_Catsper1_9_50ishfull_sb_mask.jpg	403.416121688	519.254379901	758038
75496134_Calb2_30_70ishfull_sb_mask.jpg	443.441071264	504.984718569	723003
77620754_Ddx17_16_79ishfull_sb_mask.jpg	431.565514297	506.576813032	697973
74735349_Kcnk9_28_70ishfull_sb_mask.jpg	424.078441375	518.880278815	729460
74357601_Slc7a6_53_93ishfull_sb_mask.jpg	433.65719229	467.549580354	688176
74579449_LOC433525_41_83ishfull_sb_mask.jpg	406.179672885	478.9097564	700393
73513814_Gpr17_33_67ishfull_sb_mask.jpg	439.814678715	498.838250816	721786
75457489_Calb1_28_74ishfull_sb_mask.jpg	434.270774764	493.68844855	745313
69838649_Cox6b2_14_59ishfull_sb_mask.jpg	434.316463592	518.875270948	706906
74735349_Kcnk9_52_94ishfull_sb_mask.jpg	416.181900478	494.551818954	701828
